5295
1561
12489
23587
8003
28679
12862
1341
22981
25680
6710
28189
28431
7671
17656
6654
19774
11059
15910
773
28342
8810
29159
5841
13414
9053
31044
24915
13645
30881
1491
23008
10044
27982
12435
1668
17630
11003
12312
27034
21751
13289
14824
28057
14057
19838
4900
17201
6268
28405
5227
26007
14558
2133
9467
14621
23785
13727
28953
30725
22693
12876
24500
24983
21006
8438
2885
24433
8471
31574
16889
5407
28910
15982
20754
3563
1666
9991
8074
31990
20547
4702
23546
17288
9000
22299
16827
12709
18679
10882
14667
13537
17345
26093
22514
26997
27307
16506
677
16785
17397
20737
14378
14068
16436
27721
18045
15035
15074
13179
28531
22390
25625
26326
16541
14721
30620
20645
8815
4498
25879
23662
25249
1422
19880
11885
15830
9121
31389
20288
11388
2957
12672
16356
30451
16962
2385
2528
21745
25520
9490
8128
7205
9945
30601
8645
16922
26666
29761
23259
13663
11787
20946
2507
20965
23477
16738
19122
29864
1603
16236
13490
29329
8204
25024
32743
30363
28209
18123
18333
2870
31858
2585
15552
21225
838
25112
23699
13370
29738
19231
32677
31954
8249
25518
21762
16349
11517
24056
7590
29616
19333
10910
15415
4782
26039
16574
27891
17260
13800
10028
14823
19475
31914
8959
32609
21766
18661
12112
5289
16069
1578
8766
27884
3858
17731
9013
17529
14674
29455
22129
11824
17973
29069
25021
5430
7833
18230
11905
1774
32172
22672
3323
22821
20049
24576
7373
141
30662
6111
7864
11117
23939
19153
5031
29846
5733
15954
19695
17049
7947
11154
20949
10039
2945
14979
15953
21273
31771
13104
32529
29122
22948
22864
3777
449
7352
9755
6282
32043
9327
21596
9176
26184
24636
29384
11617
3213
20756
28814
20835
7626
9682
22575
27436
22437
30426
11408
19936
27975
25852
7246
31351
30037
8092
32593
30469
29730
5648
21156
11070
22051
22602
9859
26169
28323
27319
12982
29044
20151
4454
1310
21785
2165
22125
32398
12671
12897
20361
4572
20980
16168
26372
31031
23738
32145
11228
21946
17487
21680
27937
27970
24049
4189
9375
31357
16738
20964
29885
17220
21993
30974
15781
26923
12441
6400
3493
10326
10197
20051
28885
30862
16404
2084
25595
17555
21986
6748
28331
11188
10536
11219
10419
414
11692
21696
11958
114
17627
373
18966
24858
17607
27977
20503
19932
28780
18901
31810
25391
17719
26211
18952
13006
16841
27555
4520
32012
2552
32672
27731
5223
3094
26099
9101
8031
2934
28726
12246
11401
13357
21180
2698
19679
7190
12671
22278
10330
21785
31066
9996
16579
29868
22905
24169
22214
13465
28941
31188
9544
4354
1348
15642
26362
1955
21368
3192
23086
23640
21415
30024
14058
1759
32547
10721
19259
11742
28554
29880
12748
21288
27129
26315
22199
5436
10877
17727
16027
10767
970
31303
17391
30475
10032
3401
16022
27223
10442
26172
18867
31065
5113
24661
7102
26745
9232
28642
9432
16424
30033
24438
26459
4897
16921
26694
16054
31215
87
10707
2168
26544
29506
17609
25514
15384
1356
7463
31330
14009
32337
1953
2453
12161
27157
26179
6957
14468
17133
30806
9819
3323
13500
24967
2607
29069
3105
11334
5734
27086
9711
19309
5763
26374
29406
24354
4897
21555
25472
16638
15751
9041
20598
7023
14717
16344
13027
4186
14686
2695
16673
13061
8303
16992
17331
22837
8047
32500
13947
1939
32623
8160
2605
32084
3812
21912
6660
8985
25851
10083
10676
24852
28460
6823
32671
8301
32018
24423
28491
31716
15994
9738
26644
25527
26554
606
23582
14534
28740
32732
5006
8949
8058
19246
16378
9938
23492
5358
25629
15992
28640
4529
25552
31155
14970
15172
20534
26980
31741
14133
17462
23079
13992
1685
25902
8756
21732
25341
23525
1667
2517
27855
22978
31540
8239
3774
32316
17197
11083
14993
12434
13061
20090
25379
16828
6945
3737
22447
27297
7452
25061
25674
31370
28780
29201
23473
18903
23107
17558
28229
17649
23732
15691
29268
9087
24855
12085
410
8157
25006
28576
4104
17097
22153
8046
24516
5984
27046
7856
30320
23370
13917
24179
30639
32561
6139
1244
2277
2935
19374
6008
8767
15656
27041
8141
28916
28461
31079
32309
11978
9155
9629
24300
4827
16940
21195
1383
16281
23716
7564
25063
21008
4759
1007
9551
30315
25361
15900
18226
9658
886
2619
12849
28914
3699
28561
2692
32053
7988
15596
17110
5460
11480
17986
29526
29843
14882
9621
9995
11948
11633
793
4967
22806
25842
10393
28192
22918
23316
25623
21819
32183
28476
32179
32106
16487
9915
17614
6807
24482
31229
30830
14017
10306
514
3812
27399
6839
6674
8365
12034
19716
18861
31383
12888
11786
2754
6948
29838
3593
16417
7987
3870
4196
28721
25053
26058
27300
6118
21406
12591
5312
10734
19637
6045
20124
3627
24269
18470
7887
13670
27100
19445
11945
5442
30796
482
10101
8302
9817
30787
29947
3871
6330
6404
4425
3006
18051
23546
15795
6109
6730
29556
19737
15728
11912
10003
25448
24634
10563
20700
20067
17285
31466
12428
23460
6166
1153
2347
20445
9824
26877
15588
25444
26872
3570
23316
26607
11081
3947
21665
31644
137
11033
19085
27956
9964
26289
10955
13744
11031
30095
3921
11004
24535
8607
4974
20476
32275
15229
4958
26061
255
21979
2588
8781
4755
20516
375
12253
7228
29790
18536
23141
20433
11349
25507
3481
15560
4598
27756
2171
17834
24313
20908
27169
2500
32707
12100
31673
5920
19850
12193
23498
30899
13242
11152
28349
29912
17559
31828
14491
4093
292
13303
1048
10140
22596
12253
31441
14702
8480
14751
4818
10971
5320
10774
30043
9396
2845
17077
17124
22308
32494
12572
22622
14820
7521
28907
31164
7343
25749
32724
1458
7158
5509
6133
5820
19924
32048
25700
13667
15172
22775
25611
32700
31122
23110
28342
27185
30735
3446
4202
32131
22025
10226
12025
13840
21754
409
11731
26706
15104
15716
1055
20137
14733
25929
30986
9306
11360
32095
31327
29143
17588
21058
16729
28225
29879
1721
14773
6699
12093
9366
24330
30625
20406
13534
1117
872
15965
9002
14832
21384
9395
28749
17756
32520
17964
30775
24543
13049
20776
20250
12023
6326
15396
31179
11056
29033
818
1386
26938
2769
22950
16965
31038
28995
9235
9722
20594
751
20086
6364
28908
18533
21168
12952
17332
13912
826
10777
22812
15521
28180
31912
852
18054
27646
4184
32569
4157
12267
21921
8046
30124
27315
11339
11694
7795
22280
3981
30304
11052
16811
19831
12908
18417
25055
19853
17230
18463
5663
10933
30057
12122
22796
9299
15517
19410
681
10930
7963
17860
10698
2726
17016
18499
14794
31855
20225
10040
4221
6625
7503
9896
14437
32706
25115
18229
4905
7796
19539
15336
2114
32211
18796
27949
3064
30817
25595
11551
4749
12705
28799
262
17336
19392
31873
9246
597
8314
13280
10139
7258
316
12390
21481
14093
17030
26526
12088
19316
5780
10986
19768
18189
31549
28112
19489
9408
16155
18069
8951
4626
25068
23821
9484
29851
21560
15281
24262
25530
23093
14066
12194
27271
5607
24269
17785
9737
31883
11936
23811
5034
15158
28476
27545
9191
20154
32571
5695
25932
21193
30100
6625
23456
19549
21100
2269
22365
29526
12847
450
24931
16229
14048
17239
3820
15402
7085
16864
20931
26777
9927
8604
6321
9634
28016
14994
21560
30737
7766
2446
13188
8627
17951
12902
11679
21946
16965
30593
10980
3170
22052
19098
25270
14805
5713
23234
16754
27724
7726
17316
27297
5496
17339
16909
11123
800
15791
4524
29033
19211
28616
22550
6481
11808
20831
16652
10871
14028
8767
12289
21018
5796
25015
10967
13085
1868
15342
25066
24063
12951
24951
31055
1293
26095
32037
30558
16598
5368
15393
31853
30944
28528
7225
10207
17561
3674
29819
20062
22672
31835
27651
25956
21477
7524
21265
18432
511
14737
4703
14551
25724
12113
9393
17769
6510
4296
20141
28309
29124
12401
2285
14943
19462
24840
20563
4850
1862
27815
20636
5857
8787
1839
7480
16050
23343
16361
27737
31645
25283
13933
2123
13201
30930
5827
27395
15992
1068
8393
14330
18620
31524
16084
2108
16138
12355
28570
15547
10070
22334
1872
19178
2847
22054
3087
14215
22260
14047
12668
13240
21303
19667
14248
4186
6689
25319
12597
31638
12038
1455
29883
15541
6874
15837
15721
25141
12789
20224
16112
5660
26387
20075
12444
3212
20383
9842
5060
16536
15665
23005
14693
29526
4181
7062
19210
8501
10382
3749
23279
24977
5530
16990
16229
25733
28152
16089
15736
769
28328
13731
18128
5404
18482
10931
20181
683
15593
10656
31511
16914
29809
23313
13036
14682
10367
3700
21083
13700
3808
3059
1080
27677
9405
17059
1937
15123
16157
9983
25673
6855
1195
21910
21251
30307
13498
19968
23617
24174
24454
23062
29389
18846
29628
30051
3417
22509
17725
18645
866
19438
28959
3768
12634
11874
17141
29413
10245
20487
32593
17207
27428
7600
14215
1087
849
31386
2739
15929
26410
5374
30717
5694
32689
26851
9755
1979
19443
25910
17432
21025
26600
26396
26452
28382
31387
32647
2765
9101
20362
14088
5020
1129
8016
17380
32451
31496
19329
26217
7205
9542
4566
24450
31446
8319
31370
13706
27285
5377
1539
15198
13975
5568
23989
3510
32135
10316
3140
31413
19146
2305
232
1982
21767
32637
25110
2442
1511
22360
29533
631
12057
20751
4750
15139
4250
8000
4127
18746
5171
17437
26321
30860
25155
25371
5777
19043
13246
23274
9884
32531
1398
15274
4839
24018
4249
27996
10430
11978
11387
6806
5803
7021
32150
13179
13209
26889
5584
7403
16697
16796
27132
24567
11685
32489
16546
28056
6212
11211
32259
19104
7661
12234
29016
14320
12367
22764
1883
10988
31888
14285
1544
10796
9524
498
13733
25204
21313
28251
6912
2023
25248
16471
9976
22391
11719
29853
32574
19616
15509
17559
17501
24406
23165
29697
30968
24124
22503
7347
28243
14614
31443
27835
23062
20353
25280
2735
31053
6114
25548
5186
25778
12956
7452
27412
31279
15750
20094
17359
32671
31644
12621
11119
25301
9460
22678
30433
15071
29428
23672
20688
28299
15555
21713
22972
9259
14333
26391
3660
24214
12715
27523
26597
27503
21362
28021
27515
1706
18698
2836
6823
22347
23026
30772
31482
10609
19298
10366
10130
2452
7810
25802
8426
9483
32473
20432
20214
5073
29960
7680
26992
28552
12728
1198
14957
23486
1233
9330
28467
25456
21740
29391
27470
20428
11020
26386
20961
23611
9864
28285
14651
27551
27980
27557
15530
8921
27714
17689
24724
3215
31754
18244
31939
10796
15857
23957
8449
5672
17697
26333
10213
7049
24597
10488
27628
26282
5712
10159
21195
13115
11855
25309
8964
7049
20412
16337
22456
27903
5604
8692
26300
9709
9835
30379
11503
137
8254
14463
29898
12084
30410
11644
19256
11774
3436
25814
5800
19819
10024
14291
9313
23160
32413
20964
8214
2009
6712
1045
10683
31877
12457
26536
32151
11124
12691
5117
25241
22695
18056
27574
21231
28522
24628
17688
4821
3542
9176
29107
10667
27033
19707
26949
29003
29178
22364
7132
12185
21271
1322
12091
28252
15985
5495
11135
1356
7339
16107
23298
2667
3215
17077
24960
7321
21330
11207
20088
15459
8729
3651
11989
10013
21691
23344
25038
26672
3529
7282
13579
5300
21452
11513
3081
25922
5069
16696
5823
8707
11547
21465
23426
5389
27208
19119
6182
30448
2933
26604
15974
2443
17871
23444
3973
21797
23642
2353
6966
15289
13806
21961
9658
22160
5247
4621
14664
21013
20897
21715
26289
15334
17482
22982
31044
30503
13274
14428
8687
19227
31834
1801
23976
16373
18433
16051
6923
15851
509
29285
25413
8845
26224
12103
2608
16469
21432
6350
10687
31871
16627
5424
27805
32538
32194
7707
27665
10592
8014
2470
9509
17987
16009
24456
18695
10568
27575
3719
27823
12184
31532
5684
23490
22357
3927
30934
4791
24874
1023
2468
9272
12326
7885
27447
3531
23498
10507
21054
16305
10336
22187
24692
23566
22927
7819
11215
29003
4909
26615
17914
13241
15444
12656
22534
31351
6328
5291
9821
917
3127
19421
4343
17273
15538
7222
25552
17282
1564
18859
2969
21484
29904
30713
685
5364
14888
7399
2632
6972
20299
26571
1011
13168
14918
16975
32579
2346
10591
20085
20419
13587
22693
1497
16175
30284
30156
24119
12259
6924
30264
5932
17298
23690
4952
5441
23099
12829
24885
28197
32089
24481
13131
2618
2907
17182
17303
32595
14163
9636
20465
2237
12530
4985
8604
16508
2228
32631
13084
32214
9304
13743
26695
32022
22419
24914
3231
13450
29957
10706
3039
31438
27500
11076
6356
25164
17176
19977
13934
28164
3999
16813
22295
905
10705
7951
1603
15948
17902
30146
20553
2077
14871
18612
23665
6895
2307
15885
27982
20444
1267
1626
15182
24425
7912
16107
23951
30474
13843
21369
13556
18409
31629
8973
3449
29411
15944
27676
27075
30163
13126
17399
11516
32276
3592
7523
5853
17473
32074
8835
17932
21823
24557
26111
13481
27774
17973
12127
25379
17275
4916
26296
9553
31370
21126
25483
17854
32466
5695
8938
29508
4505
28962
10460
11484
21698
24852
4355
8116
147
15824
4732
11138
9916
32731
31495
281
9877
29627
25960
3897
13992
11620
12045
12716
10095
20467
28912
22158
17247
32158
32703
3565
28709
1003
14139
14226
29999
6177
5342
17181
2926
14332
26048
13912
6746
677
3003
28101
17975
7649
7629
19321
13207
31625
26559
18477
9249
4922
3332
6803
20624
25677
21220
26854
9215
21514
21978
14533
15459
15384
11834
4417
21593
15672
18454
821
31266
10804
29283
3030
14315
7953
26968
1418
4434
6284
24599
6910
31271
8133
19855
28786
10863
24117
161
30552
29615
11749
16257
8222
31591
31202
30304
24136
32476
748
14664
12993
1050
23662
7495
12403
7226
13747
11471
12053
6881
17238
31581
8260
26377
23802
7257
15062
18692
9020
317
28779
22973
16870
762
24900
30530
8805
6808
16985
25215
8830
3356
27045
27212
9020
3758
29893
18347
1069
8443
15809
3914
24270
12505
4650
23632
5699
14121
24677
6230
3915
24834
20294
1202
9332
780
29665
26876
10891
23593
6556
2763
6487
27483
20617
21184
11399
23778
13811
17094
4328
21156
11063
8599
29147
3026
28373
32643
31495
12233
19399
30829
8779
16438
21266
22294
19958
30334
21402
32158
11067
4189
1082
14151
18655
20429
5140
22397
18997
12841
5414
18963
17996
8850
29983
30928
10087
11154
30832
10794
7853
27647
27557
15697
34
21282
32502
26479
6870
26649
25
22062
24925
8314
26203
23420
30334
2617
25839
1675
29231
19660
30598
19995
29378
17804
7456
12283
20057
17247
13601
27085
30879
9620
12967
12043
28858
25102
6683
71
19323
13989
32006
1975
11736
2505
26662
7920
19357
15976
30658
25074
15966
32530
1594
29541
18608
17500
10466
22050
22937
6786
28432
32757
25668
27216
6004
2465
24569
18754
12200
8229
1101
5354
21000
6974
5526
23954
30148
23853
21922
25635
1332
24506
27817
12101
11883
4729
24191
31688
8718
28236
24590
3139
13415
25129
8452
7162
5301
32030
24009
30981
3782
31122
19892
2479
2760
3533
16766
16669
16221
9659
1527
18224
18925
27116
24311
22443
8512
14304
11928
7321
5708
28546
7330
2025
22347
14834
21063
28764
10513
11655
7697
30113
19101
29461
5144
28606
14062
20587
32376
28081
14616
15392
12802
1879
1686
24208
6962
1678
21474
9249
5985
11158
5955
17611
28220
4286
28134
25815
32629
28988
22321
13030
30905
22364
14932
10038
10209
30173
27169
18465
15724
12439
6941
6118
4909
6242
32727
4012
19265
24116
32632
19396
23364
393
15004
19759
22468
15880
21088
29792
5110
31843
9660
6466
27048
19071
30996
25725
15735
7893
15369
19958
4930
27416
24981
25748
18143
16919
32343
17226
15628
5350
8491
22354
8360
19256
6654
23478
35
15120
8929
11797
24371
17305
8027
24740
4296
3921
26116
11635
27971
16749
18511
12018
14562
4730
19624
435
20095
8256
20159
13169
25211
29931
31267
9042
29173
2413
21266
14185
12863
18206
16784
2943
5266
19621
21174
32019
12800
31260
9293
14495
13227
2159
11931
11293
2869
12293
24701
714
3959
8867
16822
3626
20854
23693
3975
16460
15762
4334
1920
6991
23809
13689
21653
14885
19324
29009
21108
22167
13624
29478
6934
28809
28952
29345
4756
31360
2849
24835
25917
12129
21294
3337
11237
30076
17381
15890
10879
29384
21993
2691
23791
13936
4945
28011
17945
7055
32602
24419
13630
18744
9816
30393
30088
29626
27123
21197
7139
17186
23951
22202
26383
769
18188
30521
26099
32623
6064
8131
22581
13135
29025
29430
32007
11221
3096
27194
17476
17734
3986
6308
5563
9471
13641
5403
8907
5305
18082
20409
30256
8971
19304
22131
13852
11568
31865
19709
19593
13835
20159
7144
27086
11880
10850
6926
5489
4741
8764
15151
16701
209
16270
29404
4756
11763
13809
29332
22022
23054
5007
25646
20770
11076
16786
14710
26251
4473
26845
19995
16463
5977
3834
24777
29813
17564
32596
10130
22485
30088
21671
914
29485
19384
14004
6099
20080
7197
8249
18286
1633
32322
16672
24307
24673
24788
20727
27915
20613
18273
26016
3676
9708
5472
8778
12461
20816
2674
21152
4427
31194
21479
17983
31403
21563
22404
110
1360
28664
7043
4105
24559
28421
28636
9151
25298
23446
15555
11902
29306
4146
6770
12330
30088
26121
5672
30357
25054
7559
18546
27308
9473
13609
8361
15854
27585
8848
2492
3107
3357
8660
19503
17738
7265
3866
20836
29651
26257
32361
11290
13070
24330
1465
2611
27108
16231
27981
29626
7621
24226
14915
31524
29153
891
18282
17110
9883
13854
24659
31720
11578
21760
4779
16937
9186
28938
10695
31075
19908
13561
2177
4064
23441
23557
21827
18988
6196
31680
11361
31773
19904
9538
19628
21265
30375
8579
29252
5495
3886
19720
21421
31633
6941
22210
29989
1399
13243
26163
17973
29280
12793
27858
15751
15645
18670
9905
26359
16870
9347
3677
6124
29017
24688
18437
15849
13504
27495
18399
31583
26515
10894
14280
1734
2622
28979
24619
32747
4643
8380
6179
12172
31459
1244
228
25890
31961
16397
4183
26366
3304
23610
12036
10391
2423
21435
27957
15139
14521
9863
4952
11364
31794
20389
4518
18373
23927
12004
4866
28069
22581
15052
14116
29939
1396
3796
14326
19195
3101
10710
32318
17791
31418
28863
27006
23306
28286
18827
20248
13697
11141
25201
29878
21243
2652
31066
2537
10450
24260
14232
25873
31995
15283
30165
1916
27026
14492
31817
11474
16057
7152
4913
27056
13987
3813
30588
7571
12268
15990
1991
15352
25132
3499
15755
12481
16587
15642
18069
25563
23
11182
21175
8222
28819
5287
27070
24948
9362
28386
23971
20030
5125
20827
11526
24563
12946
240
27095
32522
11238
2920
30807
5659
14923
5043
14911
24641
19325
13171
31294
30402
26553
5564
11177
25074
3864
12056
21103
12628
283
14031
10059
24323
8839
17765
19517
592
30067
15459
9530
5549
22431
23387
10531
21450
31495
9766
16116
28669
19640
112
31550
11751
15843
8823
20951
7253
9008
19215
4047
30564
7764
21226
12711
30185
17894
1302
27070
1551
32622
24775
27404
15682
16320
10327
19474
32588
9608
24971
5649
8382
8741
11032
21627
2194
9403
2917
14503
5390
31619
7315
9672
18412
24422
14779
14624
32183
24011
4470
8817
13432
5293
16803
24757
9618
29936
24676
14094
14059
32501
5738
28160
1868
11628
11891
13534
6667
617
15888
14210
26087
27322
19372
15425
19251
27513
5578
24095
13623
19933
24462
14142
27347
15701
26239
3997
21093
3032
25995
25599
11501
4214
18764
22824
3183
21556
31113
28495
2457
278
23552
2513
31910
18301
29794
7971
15746
11699
17824
9482
12079
32197
22629
3342
6759
17809
2787
25900
7043
7455
3539
28875
10139
10037
12983
19953
27887
37
28515
31415
4741
3818
15035
20218
6932
27763
9918
15956
28449
21823
23492
30282
21096
22826
22787
11463
18557
15751
7768
13002
11443
17774
9029
8027
317
21591
16182
9923
14739
7912
26376
29180
1048
24076
25547
2663
22265
14405
26311
11709
17496
21827
7870
7752
22954
20405
12913
17235
3677
31071
17509
11743
1470
9581
25575
21911
10267
27911
3918
8710
22308
8741
11136
5128
16791
25765
5304
9086
6685
3483
11398
9542
13679
25832
2327
19819
21436
21774
10678
8600
6479
4418
21651
28627
31341
25027
451
7527
7804
2667
30601
25122
32363
32643
31700
17345
16973
23772
16136
26025
8775
21275
25601
216
20141
32597
18774
6170
9064
24796
30682
15488
10907
24920
23145
30222
12934
8985
8929
9396
31402
2475
110
28032
15405
12459
2827
2065
4481
17626
2117
79
321
29552
27970
16473
12379
25523
16899
30399
32628
28359
18918
11506
6024
2504
5487
8696
10705
5654
24903
15716
26347
3056
26245
11910
28981
13125
45
3039
20090
24262
18934
1751
7377
23872
7249
1971
3777
5417
2470
17857
29353
32377
16609
12245
18783
28347
31021
14585
12312
27491
19199
23905
8584
30306
6743
29597
21066
2296
30275
7698
11393
12489
4516
28843
11968
820
14644
7884
12839
23264
27336
17800
23503
5015
29139
9747
15721
14424
11564
25722
26913
22439
25105
7825
31945
29224
16491
28461
26675
14188
31827
12692
29406
1291
8406
6450
17621
23539
32757
29070
30421
16383
25584
6780
28078
13772
26053
5267
1259
21192
3315
12769
19637
5003
7299
16094
24309
27755
12617
14239
4025
18506
5480
23884
31961
27059
27924
16340
16602
25126
8348
4063
19730
5039
10151
19717
12045
28861
6589
9277
17712
28210
10250
4760
9884
23479
25695
8239
16982
5714
31098
18265
31140
18746
14471
23586
14778
12522
8167
2041
22677
5236
16175
11689
14632
26904
7284
18827
31414
21525
32454
8697
14207
32447
16890
23557
5790
28882
6061
18539
13618
25862
22917
31941
10940
19427
20666
3326
11464
28887
5845
30985
5584
30086
29624
8915
21341
5985
23775
24694
32623
29562
31205
32431
10527
15510
21066
18322
4227
6020
2163
24956
22994
4526
17906
6730
31688
26094
15624
29384
27980
931
25448
32364
22097
3075
19006
27461
18426
14771
14192
17966
16385
26261
25636
20295
31577
9185
1154
29350
23570
6263
31931
14665
26238
6515
26442
17999
6546
12546
20602
13416
9870
1909
19240
26507
19425
25236
17098
9959
22342
12085
11952
4891
4916
18701
2698
19625
9077
29893
14379
24232
5396
16464
11916
16826
9597
15741
6676
2878
1248
19144
21014
7367
6102
24182
18332
26572
31815
2017
20835
6561
21899
6928
31014
17317
9167
14986
11807
21438
10939
13164
204
28930
11090
24506
19439
4279
29977
755
28376
22398
4731
21736
31974
6859
5228
11981
1612
5784
16717
3729
24081
11099
11023
25707
347
14389
28828
24246
1004
25964
11890
10238
9709
29467
25233
19291
30442
24616
18328
13053
10783
32119
27435
29961
32754
16733
919
25252
26816
28504
18617
3404
17628
26621
21532
13935
26069
13617
19553
23862
13560
9884
24548
24226
8982
4699
21148
23515
17800
3573
9027
23237
17519
13201
2999
21715
32320
18278
24737
10272
1153
20850
5204
7868
21965
32623
24824
67
31006
25347
24039
25013
24140
24631
1111
10113
10192
24618
26426
28131
16846
7175
8802
19312
27219
5172
17641
8688
3803
1996
15056
29035
8982
80
31206
24967
21739
17817
30187
29969
16830
19985
8182
7129
4334
32547
29972
5827
6050
20976
24626
25115
27078
12356
29501
6697
31824
7624
15239
3589
15560
377
13677
29869
16903
9048
9015
30805
31295
12899
19263
3070
31291
26309
24918
16202
20968
5194
8035
1167
2581
16661
20813
7466
12151
5269
22555
8214
3824
12981
26714
20157
1808
22355
1983
11277
4829
17908
3598
2511
29135
25014
11578
52
4383
390
17614
945
6722
21650
1163
3341
19120
27393
8787
1977
30953
14050
10054
31327
27322
6499
6186
7613
24764
20548
32016
21940
31519
22411
3124
16540
23461
4984
31782
20699
10481
22203
16679
9398
22274
6373
14806
4199
22779
28957
3852
3695
8229
10516
19204
2605
3126
31803
27583
14512
12500
22323
29862
29642
5205
11140
17266
19301
19401
11155
11337
16666
6202
718
8489
25088
26930
24106
26762
12994
26750
22735
10047
8693
29490
8465
16798
29864
9197
27043
22496
24892
21086
31495
25035
19574
11271
31049
11662
23762
19009
12781
17900
22554
27009
1574
924
32568
9689
17737
19952
23625
24770
2944
20150
14066
13336
30915
7516
8951
5734
21508
9559
23817
5220
28330
19396
27104
17342
23617
6224
11146
21271
21104
25942
24835
23374
17707
23368
17413
22016
4905
15184
14625
23886
22169
15671
17935
6368
11793
1157
16963
31785
4551
28906
30144
14829
2307
19932
6705
4353
21460
9602
29238
22099
23811
15057
27388
24618
2117
28405
31760
13998
12468
5618
14709
11690
27520
32395
19444
19345
25314
12643
17331
8639
23890
11106
30985
31234
17658
5978
28561
32089
17258
19178
28541
14331
17805
2723
18733
7835
31708
22890
30465
30955
10961
22301
4459
21855
24479
29306
18760
27187
23840
29244
23664
1967
21775
6534
14475
32682
16759
27525
16423
9805
29291
21074
26120
20505
9208
11541
4799
28971
12376
2416
2175
16831
12904
3099
14635
3060
11357
19659
17075
1743
1714
10585
1441
25217
31588
21536
2543
27117
16738
8615
9756
23909
3135
22912
7295
27316
13355
3695
8922
26210
6689
16847
2098
10803
7266
22066
27870
15601
12065
5448
16607
10091
28032
19714
31855
6846
14011
18422
18140
19411
11171
9478
32663
10281
8271
21052
23944
18389
22030
12025
6309
16583
4511
6479
20931
16206
24997
27307
11436
2015
10581
10167
20593
17938
17266
26494
16898
19693
20859
13778
19707
11365
2851
29930
28353
16418
8705
592
30670
7043
3465
8955
22345
30434
21307
31415
17626
537
7962
4814
15548
16452
16480
13281
532
20681
24176
5911
7041
18838
31244
12922
32244
1706
3784
9373
22978
4823
26814
898
15863
3526
644
4796
1518
13115
32603
9425
17694
26522
5545
11234
9527
28075
32170
15758
27246
10650
14434
3603
4628
5442
17110
9910
16238
18858
2427
23398
27329
16848
12271
17308
1708
15014
231
14981
4026
21595
6761
10851
14904
22747
10811
10033
12868
19353
20123
7301
8743
9868
28464
4795
29413
26743
8769
20304
31506
22638
29221
21644
4070
8854
5882
1124
11412
12844
30874
27294
9176
27849
3275
29238
4047
13028
26038
2561
29708
18840
1179
31888
17896
4519
17602
32599
20249
12224
29365
15630
7815
2557
25516
24408
31579
16048
8521
23459
3672
30815
32133
1871
13678
17165
8939
14098
13708
18107
29956
28059
16055
2863
21778
23925
30297
10484
7936
16943
31707
2978
29338
21690
7029
10592
7418
24338
9029
21414
13890
13088
3743
1352
18321
2272
31653
20912
3375
1983
7959
22890
10507
32583
10860
26599
22888
4861
22561
7802
2003
23946
4689
20647
17496
20250
26502
30109
245
19202
16847
21249
8527
18597
5138
17645
12964
31640
29092
18233
24577
18180
17431
9209
30389
76
4947
27462
3845
17648
5096
6210
11553
26546
28579
1878
28247
14583
31840
8638
5767
11887
21790
25160
4567
11768
2393
5976
16039
32704
22164
1584
5064
11178
8245
21358
30440
17908
6549
21718
22353
28438
22104
12370
24788
2797
13562
27703
23295
29464
22443
21706
2199
10403
8029
23299
6978
18658
23835
20625
3971
18848
11676
9501
1259
16506
13080
2259
26254
14725
8538
6175
30645
24887
20503
29876
6354
1412
18302
28627
22713
12871
31504
10698
9740
27876
9906
19131
13559
21291
512
14494
27934
8576
15845
28297
29652
25657
104
22831
9870
22600
21193
23720
6551
16154
13773
26480
28421
10687
20566
14001
6635
32586
27702
12229
25040
17019
13637
29430
14944
23195
28338
2953
17250
25512
4758
24828
1258
18866
4047
19851
15312
13189
6667
32249
19040
136
16419
32396
8531
24037
15531
6490
13567
14058
13511
27075
21194
1200
22847
18751
27364
16634
7638
31066
8758
95
31448
12028
16533
30636
27891
25326
20284
28804
10055
2970
31609
29001
11200
9234
4518
7232
15780
9300
9307
2543
25192
20173
13282
8906
25800
30491
27115
15375
3607
9751
15745
31727
2515
16147
4925
18670
10108
2656
11706
18572
28326
18708
584
12581
14670
13833
17893
29462
18538
6185
18025
32033
1731
18921
25600
8211
28167
23060
16093
21923
16922
10698
27949
28318
5806
11208
19786
27713
21267
10474
18482
2278
10320
11757
6199
13284
11634
1658
26616
1200
5668
26976
23951
26952
14208
14882
26124
5073
20261
945
21795
27518
16522
4218
11553
1205
15506
17315
8996
25709
1888
6034
13196
4827
20588
26032
23213
16717
20694
23404
17862
1878
9211
16514
4151
31531
3655
29309
24814
10573
9802
14714
31779
12136
5133
23088
7493
32379
23206
2349
11572
2106
24586
9058
10416
23473
10019
20450
19218
29993
28706
28391
20793
17743
13079
31254
26824
13203
10430
14852
8079
8143
21916
29944
26438
10025
19275
31475
385
12346
5139
13037
26592
624
31930
3426
1158
27824
12444
13
20173
16192
23550
28404
8248
7397
18591
9892
21930
26440
10384
19390
4309
19102
838
25522
11764
11400
30958
23243
16829
568
20480
11116
13201
20950
279
2713
18423
25378
13568
15800
12104
25434
26896
32153
27820
94
11707
2741
10564
16146
13155
22195
18345
4356
6510
26417
19350
27983
13211
21952
27105
28863
14742
4400
21680
18741
5322
17423
6121
28749
16502
1132
6634
31039
28675
12512
5243
30211
28565
7888
6656
14265
29408
32236
31476
28231
17981
5371
8082
27460
5628
15323
10709
3093
16380
14019
29603
3925
25466
22220
15685
22907
8999
944
8219
27830
19837
4817
6542
6172
24402
3965
16965
8708
5294
22640
1436
29104
31706
13978
27986
31792
16057
20771
21889
30850
5723
8877
7380
7934
7376
21465
9460
30706
28986
7948
14147
32137
25126
8563
8653
5361
4637
15684
8316
8892
19061
28999
26251
16007
28781
18838
23612
18906
20602
19873
25806
28240
13275
3956
16553
18168
29811
16445
24541
14586
728
28168
14538
16254
4776
20174
30496
11977
24860
15534
5899
12969
18911
18298
16551
3092
7712
32629
30650
21004
29158
23899
29602
14789
21411
27554
13196
10762
8717
5376
8935
7645
29737
15405
25113
6750
18344
234
1904
15342
26999
22082
27739
7827
19602
19984
23258
9630
17177
15809
12083
26252
19877
8283
16871
15147
29916
22974
11748
16126
24899
16171
18172
15329
9556
2306
21654
18928
28113
4560
25763
9894
3159
1672
19156
1858
4150
27665
8202
27247
24960
7681
22031
11555
4704
10921
13187
26312
23213
12369
19481
20634
29119
8132
18691
15440
14978
2064
5546
24062
30152
20359
17571
27962
28388
32265
16606
24958
22132
31878
7969
19917
16254
28094
9141
8089
29375
1099
20576
17637
3135
31202
3731
32167
5929
3030
18915
23664
7130
8413
3773
14926
21560
31767
342
8690
31301
8524
16610
30222
25844
20086
2822
22273
26427
11903
13199
2998
9577
10571
17508
29129
21690
29945
22969
14572
6440
19558
3718
28042
30085
28403
3384
5802
455
19849
6310
27413
23459
2266
8518
25019
1373
9449
15009
8531
9950
5580
1284
4930
25863
2480
24441
7614
17221
5151
30197
18739
17253
7806
32723
21733
14250
16858
17025
32472
31517
28132
11386
749
1061
313
7284
5453
1367
14055
10458
23562
4239
3373
31612
11268
28736
2435
5510
3338
11016
32218
4014
18754
25992
13093
10930
3019
5746
7448
17410
21152
16611
31536
697
14272
10484
2803
20690
21900
13964
12153
29849
19056
31352
12843
24159
8133
2493
203
32370
6134
9004
3253
14157
10210
21304
12132
16395
8066
2565
14391
2850
17868
22465
1909
1357
27607
17207
23184
16586
15167
28321
11686
24774
17355
32446
22093
22806
3149
30757
15248
22055
10954
1753
20277
24888
10203
25629
11330
5318
12627
20106
32447
30024
24610
18526
6332
16925
5498
4119
22678
21187
13104
1857
17527
21577
13156
31628
32540
31495
25444
1569
31195
31884
17870
30006
2020
26072
24565
29664
14023
8652
30342
25641
4150
17374
32108
8035
10508
27409
16112
4284
8591
20773
32293
24082
31474
23050
6275
4872
26143
14235
27346
601
28595
30089
32074
20844
11593
405
15096
25129
20475
1027
14435
3852
16422
7243
19824
28023
9838
22033
1667
2637
1538
27223
12519
21692
19489
8434
1648
11098
30942
26170
15454
16244
17696
26886
31109
17058
27116
21720
30635
4767
27879
31828
21554
22360
5654
2039
21495
18243
29417
32005
7801
1522
2680
12483
13374
20712
9996
31719
9330
28331
22753
16973
17874
5147
5674
8939
30408
13313
7254
25607
10455
27883
30354
28583
15162
2360
19855
29770
26824
17775
25733
32213
19739
20693
26488
6864
17649
15422
28346
25042
11730
19235
23473
27450
18676
23285
29402
4896
17755
21681
22286
6028
13636
23733
18948
26341
29380
13522
22040
12972
14253
1186
17738
6762
27825
31771
2442
742
29642
1125
31283
28060
29145
29417
2773
25707
23437
29355
24375
19854
18822
6105
24732
15309
22458
20900
14406
3828
5144
11854
21305
30853
16492
9604
21313
14506
27523
23791
4406
10093
9615
6918
5247
24107
21452
23590
9173
5446
26468
15844
21321
2587
31633
13474
13193
308
7937
16224
1631
14526
19582
3541
7290
24381
22222
19646
16497
25214
19416
3191
21253
10957
4873
30152
31911
5737
19190
16641
6202
18741
10819
9033
15129
9392
26563
9779
32348
31783
28128
7570
27991
22826
23870
12175
15716
25660
8859
8952
13027
17870
9210
26587
22398
4975
18688
3668
26034
7485
25246
8099
3466
12191
13808
3457
30382
7478
11877
11189
9117
9488
31521
26594
6711
2335
7071
13219
30078
26858
8091
21721
17565
13443
7727
4164
23338
19385
10300
25169
30376
7566
14859
14899
23888
23532
28724
27445
23057
6035
959
18511
14805
22614
20874
7671
11782
1415
28906
32313
14416
12976
7573
4874
937
9347
30912
27354
20111
8724
25988
29544
19089
26182
1158
5850
5393
17795
4823
12045
11592
23473
12313
17194
2955
22113
20452
17274
15820
12105
23144
14203
11619
27380
16467
4659
29199
12216
1525
8388
22071
18665
2465
18241
28790
27212
2391
32704
30295
18382
11169
20400
11357
21878
4027
10093
5959
17305
10486
24594
21137
2893
26974
19343
12350
7967
32667
2811
1493
5129
11285
7979
19114
22174
29020
26499
27486
16520
9158
780
30377
8756
7258
18375
1879
5324
4844
17473
3985
10342
25482
32616
26974
17019
17175
27293
20586
16538
10038
14858
10501
13149
25962
5942
14446
17821
19835
25046
12882
9186
17179
29415
16272
30749
6857
5625
25151
19866
15862
11470
23282
28976
23142
12579
29498
8635
8410
2254
20845
9420
22252
24585
14758
5022
16442
32270
24589
29772
8902
18404
12377
29506
27293
25976
11923
20721
12471
15599
21788
22472
10527
14395
5105
28255
15443
2284
21806
6645
20462
24137
10961
1308
644
16800
2497
24243
24270
3290
13839
9493
18951
12114
17531
12688
12693
13544
21818
6169
15340
17233
27638
12093
176
433
2327
21595
3097
7787
26689
16401
12700
26423
2077
32500
29128
10102
24413
25220
30574
16579
25338
32351
28676
12747
16832
1460
17227
32606
30989
7419
28208
13254
9942
29667
1264
26711
15594
15244
8320
3399
31099
19703
15148
25536
18650
5051
16510
24116
29826
4345
21601
23281
17240
2705
5510
27893
28465
14998
24327
9987
5013
4864
19787
7414
31171
27041
2601
3926
26100
8283
9296
29993
18916
7567
30182
22539
143
10456
24175
13953
30520
32762
21489
24715
26544
14357
3925
632
2005
16159
22545
20990
21081
4496
13060
4490
19653
30815
30881
24021
28349
25390
5712
31160
3717
12994
32529
3137
30404
1973
3939
1286
2440
26991
26724
6841
5259
22866
1593
6141
15029
9781
5552
27256
5857
5140
19748
10282
31716
11269
19618
32509
30155
18542
18761
17053
28773
12662
2039
3209
9986
23993
27426
8811
16761
11072
6147
5797
17008
9392
30458
22316
10967
9921
4910
7833
30390
31218
7540
31613
22313
13436
5746
25077
19880
30852
25604
31615
3212
25236
21982
10508
16591
15436
23923
27479
10516
18261
32022
9588
7655
13463
12895
28076
28485
7084
24529
24712
15199
1684
31161
10796
8859
26026
31321
14822
31964
32726
24902
21511
29699
13061
16911
30194
10166
6358
9759
16498
15968
25494
17893
23633
1912
1903
23858
3366
4871
988
7906
26222
25188
24928
3006
22238
5698
14200
12449
32248
15853
20174
4058
32733
11217
13231
14802
19298
29500
19647
22767
1637
29541
18924
13495
5218
5036
32672
28729
27457
5411
571
1960
10866
7502
5568
20810
10300
24103
17870
1424
26962
32613
14803
4743
13992
11518
6524
15983
17796
28395
5488
23976
9688
11819
26685
8150
27343
2826
25490
14397
16806
26787
23984
25965
27325
20900
4891
7204
18670
6737
20629
22896
31517
25548
31052
24596
13328
25747
15699
25901
17537
6730
5199
28693
2930
18619
20595
29064
16577
27163
23982
22021
19964
29838
290
6007
10614
6382
11481
4629
26523
24264
15283
8327
30336
16808
10659
17226
14271
13207
7195
22357
27777
10465
20165
8189
10204
4380
14452
10262
15200
24933
31834
15963
20972
5101
31611
4368
11462
16565
6753
11493
14059
13205
3858
25374
25252
9091
19263
23281
1370
28434
22206
21039
9643
569
11835
20775
28606
18774
31274
21960
17363
21874
12799
14853
4894
5575
32674
22910
32469
19071
30493
14940
28040
5311
30360
15740
2737
18404
17032
6609
25740
24589
12835
9987
7208
16857
23
15196
23486
10098
4987
8421
1859
24266
21766
26060
23353
15652
25727
3081
28106
27607
17012
23617
17943
29262
16943
24555
32206
8532
22502
18097
8442
17294
5938
15129
16416
14153
30146
27236
26759
21879
9809
17335
30423
18931
8149
12920
30694
16653
9466
22523
3022
3650
24526
2142
32579
12363
26046
3761
3875
22106
14273
31834
2639
19104
4819
1976
17850
26130
9381
15879
5823
29037
30867
3204
18360
6007
12502
25809
15052
19592
24571
154
12040
20298
5779
2169
23473
9917
31021
8727
21977
16766
29313
10645
29745
6728
21998
6698
9502
1467
1575
27149
27407
3420
29737
23957
29453
31710
2672
5534
31124
32416
22634
23856
29089
118
4652
31323
8716
8620
14436
1637
11544
29000
31886
4392
13897
19344
13675
5045
6773
460
30639
30269
28190
12109
9978
11570
13823
24494
4874
12713
3557
27226
29999
22787
12736
10062
25087
20428
7418
24865
842
15331
13319
10305
11857
18907
11326
27519
10802
10658
9703
31182
15015
15968
11413
20807
17136
1442
4534
24433
5390
31160
21864
5824
16690
29531
4494
32091
31093
20116
6947
6434
24009
22233
19919
23792
17456
15992
13752
31517
20780
9529
2971
16712
29814
29246
14107
24915
7666
1327
19289
19374
16099
660
12740
32473
27484
16258
30515
28708
12279
4218
28465
29114
28616
32654
8599
14813
24212
11717
13921
28531
27455
25537
21434
24514
11908
5535
8793
16760
12777
24095
27664
10478
8945
13573
2210
4525
18067
25791
3286
8498
16619
839
28617
1774
1328
29259
6792
7569
486
10892
5598
12680
23892
22148
19051
4292
22073
75
1782
18366
7355
22203
16645
12216
14240
19923
17322
12869
18880
7769
16543
26123
19386
26819
30613
26824
3559
32600
26570
6803
5772
7059
16346
7781
12372
712
32727
17367
15613
24073
411
15917
8273
18763
23389
19604
22360
24005
20611
14248
4044
15257
17591
18489
21453
22198
25917
6991
7638
2813
31876
30571
26864
15267
9211
1808
4389
470
18469
7298
6200
11939
13040
25294
8851
9239
4163
8202
16513
18852
8406
27870
22429
8135
3910
1348
16523
14056
7017
5771
27877
3458
4063
11938
10616
6531
13801
12435
20657
246
15230
29262
338
17887
16284
26536
11625
26982
30941
32419
5507
19000
10826
4336
1053
16939
23155
3762
23899
18209
192
18053
22269
4910
7426
28351
27790
6141
27981
21494
25566
16751
13834
20674
30131
19334
20552
29379
28348
12162
29267
28902
23750
27721
26248
22245
7218
11788
9319
2573
22951
6440
32746
2884
23556
15434
25365
6730
10905
28119
17871
7743
25494
6283
22512
30566
22211
15200
4507
7720
14450
8369
7630
13148
179
4255
21303
26053
19142
692
12106
20700
18646
4806
1936
14544
8164
15646
25922
18380
16385
9690
16150
12408
3264
28560
1369
22978
27115
25908
13374
30686
117
31548
24694
13963
20400
27649
29184
22681
24256
29545
323
28840
8784
28099
2650
5938
27267
24050
27311
16844
27949
7886
23755
8104
16452
17351
26220
8031
22673
27852
27864
493
24747
4459
25458
7933
31782
1849
18571
15976
19208
18292
25722
11000
16764
14311
32495
25201
10187
31502
32388
1746
22151
2939
9877
29912
778
9848
26450
9156
12319
18926
29714
12894
5886
18821
5099
17722
7294
16141
24703
6714
9862
23069
26392
30036
26052
21241
24568
19093
26530
1209
28650
18790
1142
29352
10269
11535
32249
15595
14386
30329
25083
18531
1684
29496
1365
7636
8968
13768
11038
17478
18309
25367
11298
6827
23365
31044
12943
29891
11292
29607
24050
32573
21001
28689
25442
12063
28939
14677
32251
16487
19765
23303
17295
2034
25861
8835
12695
7326
1522
12593
1648
7084
3908
1032
15044
3176
22312
5201
12102
9995
26116
30126
25250
736
31752
5466
17331
28582
5382
32434
29687
32310
24195
18677
3649
31845
21518
4680
17838
26668
30160
11261
28890
7686
19813
23572
21844
18074
13546
22530
18255
18330
5207
23730
29082
15339
2319
1994
22994
14086
11190
22063
29910
22430
26691
27595
24443
28035
7254
2190
3969
14022
28619
20146
4294
30750
7055
15940
8890
29834
4786
2528
18963
2104
16830
10428
10946
27302
22600
18919
15909
23559
20676
3283
14718
16872
10910
8978
14500
30483
2694
16221
248
21171
13579
30170
28827
10938
5995
29087
28126
21888
21161
9074
27386
28332
31969
19922
20994
25432
3289
4668
27925
2416
9176
25511
7896
18011
10683
593
32547
2270
28485
25789
12283
6717
19127
12796
32449
2723
25248
12589
9640
15555
6903
21056
16749
21696
22631
13311
20290
3658
3562
19278
18187
15883
18585
4017
9676
577
11715
20752
31842
26284
7996
6839
22130
32682
31223
18337
3488
16545
8919
11254
23809
4509
21955
30674
18642
26682
27385
14152
11882
26565
1700
5031
4205
19614
26288
14843
29507
9952
17117
2775
24008
10308
29458
30546
21061
2371
20469
12112
21408
18811
440
1283
19151
20308
12597
10673
24722
10979
20286
10167
8034
15
26158
15822
29092
23538
10692
32653
20515
31106
14642
24367
13501
14704
18288
1175
9565
20816
7638
5521
27433
30203
11498
21339
18940
1329
8055
12644
19478
29315
9183
18771
30226
31600
24497
20555
30489
26319
16766
29037
10582
21357
9449
12703
30377
23030
31998
16524
30112
1561
30917
23276
21155
27367
22038
8710
22894
22140
22190
3187
12997
26850
2947
21540
10850
4658
27221
1447
4403
15356
24966
5285
4034
8681
24107
6576
31989
7583
30819
7483
3319
27109
14824
5098
27766
8456
13027
28685
7183
31357
20741
27751
8198
3015
11475
29747
22587
4252
16705
19561
5209
32323
16771
25149
14417
26176
288
25320
1287
27699
8776
172
22858
21246
32359
2322
32522
25894
31994
12407
22725
15484
19618
14022
835
11516
12918
18823
16259
22261
25502
18201
14581
9322
7454
18235
31722
13752
28143
3282
12360
378
26452
17638
27778
11178
10091
14061
13511
22537
29186
19020
31354
31680
19373
1307
12259
29255
19221
26664
17444
22918
5267
19519
7022
31034
13310
9385
22388
14747
18625
19187
1056
27964
14384
14321
31877
29234
23068
19969
7190
28280
21412
6292
4117
11154
5199
9451
23886
21873
10584
22559
28164
8343
23369
26212
15404
7035
18891
20366
27609
12079
31165
1237
27128
4928
2435
7125
25405
14558
32673
13017
10077
28988
26504
27224
19582
21306
12463
6080
9963
9282
998
5491
26893
18543
744
21519
32663
32245
9775
4339
32256
26557
11532
22015
12086
11087
21494
9882
7825
9717
17699
32250
11525
32029
30549
672
1693
3584
28407
4897
3108
129
5480
4140
1317
344
6807
1993
11799
26479
5328
9695
30417
18572
21205
3577
1348
16689
5169
585
20584
29633
7113
31726
26487
739
20660
6258
14682
2859
24908
151
28768
24568
7301
11347
13878
3992
30078
10265
29716
29363
25942
16218
25396
19174
8001
12364
392
13486
19163
19690
16044
28808
14524
11580
29978
18262
17740
22232
925
3589
24024
32169
6920
3181
23526
16879
5159
19320
10950
3975
25078
3719
27498
621
29713
31761
2680
29823
7532
14733
31900
6275
21316
32403
5411
18028
22613
25406
10950
23769
10318
28116
32451
23519
14210
9129
6707
7432
23264
8512
5527
19611
27685
32180
32436
2078
32336
32086
20641
17946
13910
22424
12830
27422
7192
5162
28199
12294
30610
17250
23241
15741
3669
5601
8757
8385
21815
6004
8723
32167
27209
4408
21784
8670
27401
22274
31451
23927
31449
1021
29156
17573
3504
27285
30726
16066
19216
15252
17648
1683
7480
10379
13054
32717
16538
1396
27221
1496
26511
11669
16942
6098
17994
12200
19570
1495
6922
1336
16264
896
1684
22862
12906
17321
18657
8781
24319
376
13844
4891
24229
6811
30639
10113
5388
7888
28165
20437
15691
30891
17907
32726
19757
5012
5835
9431
8908
8975
7313
18208
12386
28480
25194
23185
6747
19118
29009
648
31663
5447
22284
19717
17518
28836
6494
10508
26269
2447
27007
7243
17728
6850
11209
31741
6584
3314
10164
11534
17231
22540
29700
12160
13586
2495
29505
30989
30175
5434
29800
25358
26302
20535
19424
12187
17268
16696
30895
27124
4438
8976
10734
9759
28764
16806
14458
25555
630
5110
26861
6293
23843
14168
2509
9505
14655
12293
16899
14859
21788
4823
9102
28582
15573
31824
22136
5413
27871
30942
28681
31488
737
16989
19004
15514
28870
30430
28527
19744
26128
11431
28254
19380
25455
1915
10834
25291
11410
13083
31638
14035
3133
26380
13355
10266
7836
22427
23740
27627
5591
14367
15828
16634
11494
12926
2383
17153
15527
30706
14351
8620
10029
20237
28656
16051
3419
17147
1533
30533
690
22536
28900
7341
13160
26977
16295
24624
12474
5151
26773
13876
22403
21377
1145
29864
1292
12921
18961
12447
3622
13931
24001
7998
11382
26417
18825
32217
22033
6242
12597
17753
13129
22484
5843
11489
9926
9567
17258
16305
7128
22500
10217
2634
3851
21390
19038
8914
1276
30040
4968
4283
25452
22480
4079
22432
24723
21786
31506
10607
31926
27191
9313
973
14844
24456
1613
15542
1662
23181
8412
16996
3229
15603
27810
4723
23960
29902
31212
11330
10846
8739
4158
668
32416
13737
25088
12440
12843
27856
10356
30141
1141
20227
15339
15722
5749
4138
31801
13685
14008
31860
7526
14355
13234
20819
11430
3320
10322
10184
24971
17855
30425
21472
3962
14731
26091
23935
19292
25583
5094
30300
6549
11019
13428
4429
14394
20728
19548
32453
22910
5223
24478
12954
25198
17540
17854
5900
479
19489
6240
4356
13220
30736
28693
6553
1028
31952
25461
4312
10091
32621
31854
11717
14943
9633
6107
12189
15798
28991
25432
13406
8966
27345
27989
22665
32094
24448
31594
1063
10803
13877
6890
2314
1693
8190
8123
30293
1220
10163
1381
17727
13716
25817
26216
17171
6841
21958
32211
23675
21703
9478
26386
11775
440
24062
4104
32201
24476
21711
4446
683
1932
17790
24858
7267
21728
28241
4979
24861
19618
10620
7651
9273
6466
18940
20607
23119
28298
16324
31108
32368
27093
18199
26418
23727
17020
10037
15325
26080
24210
17465
18497
28832
8145
2114
24598
2966
31955
26577
23780
17656
14982
1394
17177
2896
23002
14495
15705
2944
3516
31713
25109
12291
19784
1592
30559
9591
22074
5053
10492
2136
13222
8582
25787
8207
7402
8394
20742
19243
16608
25925
4535
238
20824
21214
20269
3083
25285
3720
13214
25262
29750
13926
21166
16317
13192
25906
12097
24925
20954
1247
21390
4281
31810
13437
12150
22271
19646
17758
12563
938
18286
4983
19347
26631
14336
15624
24647
27634
875
32128
15863
24545
16864
12187
10873
12325
13565
15053
10881
23916
28229
28643
31675
24201
14797
6376
29975
20344
8503
16453
16741
4508
6884
29485
10273
16716
14694
824
22672
9358
28468
2894
27404
30498
15010
15303
3227
14275
19984
12752
2247
23209
2145
24081
9642
1362
20911
16013
1609
14210
12348
28617
1827
1417
10668
22832
18697
18372
17522
30902
24111
25446
15753
4540
19844
4216
18020
17203
24639
16671
24359
18693
28090
3614
8471
27824
6532
19611
3407
26932
14258
12582
13238
17968
19317
9207
17965
28232
21490
10871
27661
1225
23373
2563
27088
16016
31751
2028
28942
16936
20619
27330
11436
21298
259
8402
23888
19722
25456
12269
6679
12455
25082
21099
2443
18883
7044
25968
9935
12092
29316
3182
26397
8891
32274
11755
21363
5011
4415
11653
27272
18668
19623
1843
24325
30496
28234
12237
1522
17509
21399
24271
2414
173
25034
9562
13220
5322
18552
30331
26106
27862
21096
1200
4235
25042
14501
6312
15832
26253
11217
17739
1722
31687
1980
7418
668
12183
25910
19480
2022
11274
32289
15561
20668
6413
6090
10233
22505
21901
26489
14241
534
19420
9542
7749
26432
25943
16687
18370
20585
24902
28264
1862
15757
4867
30962
26272
2007
19295
6511
31418
29717
28993
15157
24931
18794
3472
26785
19538
16450
20051
20909
15720
23947
17687
8389
22582
3619
25745
4567
27839
5772
389
32682
8063
10983
23271
23408
21164
17184
27967
17054
13499
32614
5458
9979
6182
12510
17918
15607
30829
23192
21862
9279
20571
16066
9551
32398
9610
19483
10954
26822
27945
32683
6420
2623
11773
3762
13242
11871
934
27870
3072
7275
26404
704
11652
8604
24729
10369
32287
374
1616
14545
21772
16469
27903
20513
3404
31817
27977
3090
5960
18467
25223
24365
19897
15568
18120
19668
4549
13542
20502
8568
29290
26237
29436
31501
25376
20288
28229
13755
17850
9924
17413
4311
19342
19224
17374
8209
29141
23453
2684
23791
7509
30231
6754
27770
6461
18949
29161
27959
32080
30254
17029
24920
16197
25725
11595
2356
29550
6158
10416
16885
153
8585
29588
15504
19252
11695
14719
8443
7092
25138
19498
29082
17463
31946
5697
17146
18791
26757
11111
7105
4770
15711
6523
4325
25945
24082
24345
29213
12214
10287
11108
6805
26242
27246
19203
14822
31301
5442
26218
10565
10159
22961
30043
8442
10038
10851
2988
25109
1
21241
25418
10332
517
6560
18302
30855
11118
7909
17775
7856
32064
28619
17897
28933
830
32282
29788
10944
4875
29435
5928
29529
1679
4034
15639
26105
30108
4363
25643
11571
13009
18440
32155
1775
4031
24089
29464
17574
11339
30365
4436
7125
21843
8969
31685
23211
13973
23863
3495
21765
25548
31744
19520
7581
32027
22028
20071
24446
29359
1769
15687
27580
11169
2651
21089
20321
5145
8691
30416
1450
22201
14563
26577
6772
17721
14865
1154
20721
13390
3178
10474
8863
20177
10617
14906
10875
9245
568
18514
20594
30137
9766
26759
18712
2103
24729
11684
15772
31579
16470
24878
12284
28032
15711
25069
28533
28216
28940
19367
12606
1075
5213
19503
8565
19042
14479
18847
90
26715
28141
15841
8123
27136
19689
27508
21679
14939
5483
20332
12679
17869
22633
29883
7170
1896
24504
3248
5056
1433
18466
28861
15609
522
440
29053
879
24774
10857
5877
27041
2719
30420
13851
22594
20173
7515
32660
489
2007
30585
27586
12042
1975
19797
10238
1573
3897
32663
26914
9277
21668
890
18251
6540
23964
25890
1757
7797
12359
17457
29383
5306
8111
32405
11272
10479
14183
32163
4722
10287
2674
22890
10925
24077
26976
17985
9600
3789
17338
163
27724
25045
14496
11069
22233
20574
6833
21316
28245
27759
27435
3852
24986
5132
4179
27351
3760
25771
19224
6123
17811
743
12275
4583
10294
2680
10001
11862
19399
14947
14260
19077
32565
12654
8919
2962
23280
20183
4369
25798
32240
2885
22459
22564
7160
24063
6485
9538
16668
604
17702
23128
28289
12667
14883
31639
29796
9267
4370
13500
11613
29005
20975
18660
32485
7153
6287
13474
17175
26207
27779
13903
32691
15584
20543
12449
3688
19707
19324
7039
6739
7403
29914
30484
5827
14161
16074
29987
4927
16167
2987
19610
4298
32757
19763
27497
15461
20039
13073
31380
13014
19550
11472
26759
12712
26406
17151
28075
22899
8040
2959
16182
25949
29505
15740
25671
31713
31699
10160
24882
31951
4922
3876
11544
28820
5825
14408
9660
31932
6486
8101
30097
437
6716
9664
8216
17878
5120
12866
10344
20895
30638
4695
1550
24899
26692
5716
23576
3939
19047
12956
9837
7453
31829
10180
20832
31557
18971
30197
28548
30962
29192
8082
449
15165
19809
32539
1447
25157
29014
13394
15875
32631
23605
27804
27056
16652
734
2729
23728
30418
21111
29015
12155
21552
31329
30164
30871
4964
4714
15619
17513
24080
28996
2082
16203
7925
18230
13481
17887
8446
20753
29557
20386
8064
14182
31525
26564
11200
28150
14789
10295
2998
10090
18858
27398
30224
12612
11676
9704
20346
19478
6203
9237
19741
21489
17051
4696
8293
19745
5682
4453
4104
10519
11764
17006
8772
22439
29372
497
15464
30836
22254
17620
23445
16552
30042
19379
19142
26856
5988
8313
31246
14215
26210
4653
23329
31481
19526
8975
26390
2187
18301
7396
12651
4946
13847
16270
11338
28513
23591
15839
522
5439
10605
31919
10233
31129
562
18476
3673
3379
3956
29554
4520
31012
23107
5724
4389
27459
13931
23961
20111
1757
16467
8450
31536
19881
29221
13354
5658
5373
5167
9527
32689
23361
3210
24049
26217
4517
20985
23321
28881
11791
1555
28156
18641
6487
31397
15432
27695
19895
9810
29213
26200
14717
19580
23143
22366
14851
23656
20844
27709
17121
19356
17825
11362
1377
28556
15042
16494
11316
6774
801
5687
32611
32651
9023
1551
1160
8783
5017
23882
28477
21826
21700
29178
30165
3008
2492
9213
24138
806
3194
28474
22391
1846
12484
29479
29319
21949
10569
5007
20654
25970
17133
5778
22807
5154
27234
25581
2845
10
12280
18811
16573
4229
15798
26876
30027
29159
29609
13078
25701
2216
7804
5017
5414
8133
31817
13063
9627
22115
943
29012
27259
4277
8485
32234
14098
28705
24205
12528
24959
5790
10509
2508
22303
14689
10522
30438
21833
18104
24789
19119
6716
9014
1179
483
8789
16912
16855
16139
17798
7367
26651
8005
18691
19975
10352
19527
14654
21456
24298
28578
8214
15571
6783
27460
27467
17695
22296
31553
5942
9724
7657
9427
29111
7447
32766
5791
2414
28384
7959
24121
7470
26673
14518
5867
8110
9008
26486
30130
9090
4982
3742
22154
17226
7537
9206
12011
23082
15622
19418
2452
8314
32635
31628
28551
190
21653
5583
25173
14552
31485
13745
19355
7036
3048
7080
1485
1509
27127
28896
25138
24006
5980
21716
20528
11140
14143
26908
2506
9378
15968
20357
26983
14973
5885
20071
19669
313
15350
3891
10637
763
3887
11084
13881
21336
28470
31512
19827
30478
20518
23382
28112
29682
23499
23730
31517
7466
23814
4502
9448
28572
31347
28228
5699
4774
1098
28450
21188
20752
22915
31060
25808
7743
10302
10640
16665
31659
3425
1326
870
21139
22403
16767
26771
5615
28937
5472
10712
16550
13710
18703
7502
1025
13961
30781
16302
14943
13097
14948
2908
29227
18308
9562
16549
9484
5873
24103
837
28507
30130
11284
28973
23514
21975
16900
5763
6051
31582
12807
25321
8798
15263
16173
1026
20151
19432
408
18738
10000
25444
4309
29862
2674
13377
10349
7573
5578
17
31414
1989
11602
19313
9711
5200
14925
29929
32652
12200
28919
13076
10703
24793
12988
15873
10136
24078
24744
10200
25214
19031
12831
10433
22302
169
25550
25089
23475
4135
21217
23654
13544
19871
22646
17894
27882
7768
31058
12931
8384
24587
15827
25714
14303
4655
17958
24443
14841
9337
28346
19363
14103
3748
6389
27401
30183
5486
27685
9998
23639
24803
8889
30904
18018
18397
14257
12377
16170
29900
2131
24683
20552
18355
15904
28607
23392
6515
5382
5847
12792
17484
20951
19600
24458
5537
31994
26115
22999
3323
13665
28078
2943
3153
12218
30159
27855
23943
13802
27153
7898
12596
15031
9322
15563
31400
21956
18756
22393
19758
15299
11995
20284
7822
1766
21478
0
4822
25494
10617
29591
13658
30056
13354
3668
17146
2125
18547
27093
27043
25097
26199
21024
8473
18406
30792
6386
243
3241
31049
13139
14311
15045
18000
21870
2119
11983
7918
160
28108
13874
6449
14287
20627
1572
3274
19965
26981
7896
14699
796
15163
28405
11379
25380
17921
19272
10701
7012
22171
3765
7189
14869
6182
30324
20477
3125
19072
3706
32496
3475
16906
16948
27893
7974
5292
25979
7637
30626
6170
18885
25984
589
5462
13208
22445
8207
21879
17477
23233
32457
27560
11218
25074
31464
24691
14136
4780
16186
8768
3791
22835
5888
24344
14598
12427
9796
11183
13655
8597
31853
7074
17274
15738
13584
12029
10969
5964
6921
14592
5701
235
459
9251
22503
3878
18676
14167
10617
10531
15909
16527
15542
9985
20752
18559
12302
17339
19922
13219
15263
26192
4484
29828
10849
1569
27916
13111
29600
11930
10809
3622
2224
26132
26384
22547
10972
31738
15200
30553
23967
555
23709
19061
18711
30112
13290
13766
8374
23119
6776
16017
25147
20047
12303
22344
224
22588
32746
16652
20693
29917
26568
9840
18158
10244
30016
21376
24729
5302
11605
12034
18450
24716
29258
22779
2266
26201
31672
4725
26725
31757
5341
21120
14098
20442
5431
11383
11617
8341
18257
27524
10593
21854
12766
1894
24679
14467
30468
22130
22789
22946
15866
8408
16698
23310
23253
31016
29927
11892
10399
32277
18562
1215
18858
27000
27662
30008
16931
4248
31307
8178
8426
14760
2090
20325
10913
27281
18563
23897
15108
5362
6154
24326
20600
17253
1408
23673
30182
11269
10790
5945
32457
19501
26231
9259
18822
29058
22294
23731
31741
21555
5638
27420
28253
9855
7193
30266
14396
15736
22187
12365
5095
14087
17807
19753
3062
16689
13642
9108
10020
26264
27007
32240
1630
1093
19371
24090
10522
19620
29203
14481
19434
31696
4858
27355
5457
8465
14358
28964
1237
8612
17989
7977
22613
22714
11645
24660
23453
30914
21761
17192
22072
4587
6107
21472
2949
25061
25990
2643
270
20712
23275
20251
32532
16376
26511
23542
32623
3175
21258
31596
32405
27803
14011
27571
25336
2578
16314
26831
28309
31906
19726
8701
28361
2822
15904
7762
7783
21654
1392
21664
28169
18518
21383
31385
9891
3378
28205
20279
6750
16264
2011
25691
22435
10215
11123
11188
4725
20247
4143
19170
14341
4953
27095
31451
24704
8943
2360
30350
4908
32735
24785
15559
4275
28917
16847
10579
6079
1031
25916
10596
22470
1404
5491
3895
1576
4367
3031
18675
18807
8145
22212
32469
28437
14189
23494
23690
7941
7856
18953
2524
507
15177
4369
5777
3509
31949
12203
23952
27534
30974
28452
9030
11601
7500
24248
29512
17483
6556
9037
314
28324
26697
28514
4335
3823
5992
14146
10705
8703
14161
30077
6532
18172
4699
5016
2502
3511
4582
19204
11674
32571
29855
4685
18853
5285
14847
27284
7128
4149
26389
8511
26191
27812
2182
23023
8569
22200
5586
29874
6522
25879
6616
9339
31437
601
17565
18895
4654
15712
19017
26048
17335
29676
13170
14623
32073
2922
669
25582
10285
11277
21250
6420
24059
12832
21648
14932
25787
18843
18737
28800
13899
26612
26447
5098
5889
6199
17815
31004
32656
19801
13309
30153
24112
11978
9728
12803
29433
4937
4655
6573
19344
7676
27372
564
8710
12736
5232
22650
8957
11966
31759
27411
24333
11839
13501
9396
27494
12481
15570
19176
30134
29257
20746
5381
20301
22780
28880
12127
13183
12777
30652
32443
19785
12330
28762
14343
16440
25131
1069
8264
14471
4425
11507
2259
18055
16287
2859
23488
2372
14364
1493
19612
27750
25817
6009
350
32085
24490
27754
18332
7073
28916
13900
10751
2208
28862
22740
31221
6745
15882
21455
8613
5536
16485
3686
21032
29571
10173
26528
25078
5605
24179
12328
28574
12137
25009
29009
7355
25234
29694
9559
29987
23592
24079
17640
22113
27869
12768
19938
27494
26160
17412
10079
4219
16018
20282
1775
13178
16583
30272
15140
1086
19088
6124
32596
2392
24199
10616
15514
27907
3402
2846
23582
5723
31195
2788
3734
25289
32071
2490
11533
5058
11654
30402
5859
17585
19363
5359
12566
32049
23837
16081
27327
13184
29836
7343
27360
21296
28039
215
19292
7200
8134
24114
1351
28075
19844
3355
29280
21023
20775
21105
2012
24177
20003
23787
11878
14895
26908
11436
23395
25525
19275
6424
20346
1188
29986
26853
7764
27280
9267
12405
25504
30713
20558
27235
18779
8573
1001
32348
17230
19275
5061
10800
9176
6875
31183
296
28141
4317
22341
30107
2143
32623
25113
8380
13916
12434
16794
15542
31033
20703
7761
1275
16237
29302
26921
28888
1249
15416
7636
31822
18535
6454
1129
29469
31367
31848
13906
29217
18818
3235
27237
4833
28305
19653
19537
30054
24686
5171
25404
7241
3861
27525
19370
20240
3276
8575
18593
30395
18529
11331
28683
10393
15539
10950
30299
21344
14707
6785
23923
17021
10540
5481
2757
27561
30849
11296
2233
15037
695
12397
30543
20423
10099
1002
28678
25437
28100
16124
24828
17713
22627
17416
9046
10470
20282
4836
20706
13602
16932
28812
7419
2277
26868
14103
13486
11033
17592
25065
27163
6250
17983
10793
12061
25431
15832
18294
9005
6793
30813
10453
14467
26980
11632
14830
13439
9949
8965
2169
3912
18059
10785
24051
30387
24576
22752
8597
30822
16473
9661
5766
5949
14868
18446
19024
20460
10018
462
18321
20710
20797
13983
24819
27006
13436
29711
10333
29772
20517
20251
26219
16595
31170
15090
9756
16480
26231
15611
10443
31285
24210
8728
22113
2791
20324
6445
32200
13061
12112
22236
31139
14586
26657
9875
3388
8757
15264
3273
3517
1927
22119
24196
11172
2252
1264
29215
28785
9165
16113
19786
17569
29285
31980
29778
4576
5091
3073
16035
21883
17840
21512
21643
14100
28466
17372
14912
30617
9455
22521
3109
19575
26358
28490
20553
31498
7803
25148
304
18520
7873
4119
13783
4352
11581
22158
2802
7533
21752
10133
12664
1615
2357
12658
18017
15692
23380
19735
22447
3570
18422
9903
15019
10993
24418
21623
6001
7047
19751
20431
19886
7483
771
1169
5801
19918
2820
27297
2176
12655
17645
24005
24244
26926
4827
10167
11240
11699
14632
28793
22758
25136
30096
2281
5347
21396
4498
17301
6916
30722
29721
20432
28961
17025
30300
19206
968
24309
3
31820
17285
27214
11915
28219
10080
31487
3051
23295
